0.0 ; 0.0
1.0 ; 0.0
---
0.0 ; 0.0
0.9998476951563913 ; 0.01745240643728351
---
0.0 ; 0.0
0.9993908270190958 ; 0.03489949670250097
---
0.0 ; 0.0
0.9986295347545738 ; 0.052335956242943835
---
0.0 ; 0.0
0.9975640502598242 ; 0.0697564737441253
---
0.0 ; 0.0
0.9961946980917455 ; 0.08715574274765817
---
0.0 ; 0.0
0.9945218953682733 ; 0.10452846326765347
---
0.0 ; 0.0
0.992546151641322 ; 0.12186934340514748
---
0.0 ; 0.0
0.9902680687415704 ; 0.13917310096006544
---
0.0 ; 0.0
0.9876883405951378 ; 0.15643446504023087
---
0.0 ; 0.0
0.984807753012208 ; 0.17364817766693033
---
0.0 ; 0.0
0.981627183447664 ; 0.1908089953765448
---
0.0 ; 0.0
0.9781476007338057 ; 0.20791169081775934
---
0.0 ; 0.0
0.9743700647852352 ; 0.224951054343865
---
0.0 ; 0.0
0.9702957262759965 ; 0.24192189559966773
---
0.0 ; 0.0
0.9659258262890683 ; 0.25881904510252074
---
0.0 ; 0.0
0.9612616959383189 ; 0.27563735581699916
---
0.0 ; 0.0
0.9563047559630354 ; 0.29237170472273677
---
0.0 ; 0.0
0.9510565162951535 ; 0.3090169943749474
---
0.0 ; 0.0
0.9455185755993168 ; 0.3255681544571567
---
0.0 ; 0.0
0.9396926207859084 ; 0.3420201433256687
---
0.0 ; 0.0
0.9335804264972017 ; 0.35836794954530027
---
0.0 ; 0.0
0.9271838545667874 ; 0.374606593415912
---
0.0 ; 0.0
0.9205048534524404 ; 0.39073112848927377
---
0.0 ; 0.0
0.9135454576426009 ; 0.4067366430758002
---
0.0 ; 0.0
0.9063077870366499 ; 0.42261826174069944
---
0.0 ; 0.0
0.898794046299167 ; 0.4383711467890774
---
0.0 ; 0.0
0.8910065241883679 ; 0.45399049973954675
---
0.0 ; 0.0
0.882947592858927 ; 0.4694715627858908
---
0.0 ; 0.0
0.8746197071393957 ; 0.48480962024633706
---
0.0 ; 0.0
0.8660254037844387 ; 0.49999999999999994
---
0.0 ; 0.0
0.8571673007021123 ; 0.5150380749100542
---
0.0 ; 0.0
0.848048096156426 ; 0.5299192642332049
---
0.0 ; 0.0
0.838670567945424 ; 0.5446390350150271
---
0.0 ; 0.0
0.8290375725550416 ; 0.5591929034707469
---
0.0 ; 0.0
0.8191520442889918 ; 0.573576436351046
---
0.0 ; 0.0
0.8090169943749475 ; 0.5877852522924731
---
0.0 ; 0.0
0.7986355100472928 ; 0.6018150231520483
---
0.0 ; 0.0
0.7880107536067219 ; 0.6156614753256583
---
0.0 ; 0.0
0.7771459614569709 ; 0.6293203910498374
---
0.0 ; 0.0
0.766044443118978 ; 0.6427876096865393
---
0.0 ; 0.0
0.754709580222772 ; 0.6560590289905073
---
0.0 ; 0.0
0.7431448254773942 ; 0.6691306063588582
---
0.0 ; 0.0
0.7313537016191705 ; 0.6819983600624985
---
0.0 ; 0.0
0.7193398003386512 ; 0.6946583704589973
---
0.0 ; 0.0
0.7071067811865476 ; 0.7071067811865475
---
0.0 ; 0.0
0.6946583704589973 ; 0.7193398003386511
---
0.0 ; 0.0
0.6819983600624985 ; 0.7313537016191705
---
0.0 ; 0.0
0.6691306063588582 ; 0.7431448254773942
---
0.0 ; 0.0
0.6560590289905073 ; 0.754709580222772
---
0.0 ; 0.0
0.6427876096865394 ; 0.766044443118978
---
0.0 ; 0.0
0.6293203910498375 ; 0.7771459614569709
---
0.0 ; 0.0
0.6156614753256583 ; 0.788010753606722
---
0.0 ; 0.0
0.6018150231520484 ; 0.7986355100472928
---
0.0 ; 0.0
0.5877852522924731 ; 0.8090169943749475
---
0.0 ; 0.0
0.5735764363510462 ; 0.8191520442889918
---
0.0 ; 0.0
0.5591929034707468 ; 0.8290375725550417
---
0.0 ; 0.0
0.5446390350150271 ; 0.838670567945424
---
0.0 ; 0.0
0.5299192642332049 ; 0.848048096156426
---
0.0 ; 0.0
0.5150380749100542 ; 0.8571673007021123
---
0.0 ; 0.0
0.5000000000000001 ; 0.8660254037844386
---
0.0 ; 0.0
0.4848096202463371 ; 0.8746197071393957
---
0.0 ; 0.0
0.46947156278589086 ; 0.8829475928589269
---
0.0 ; 0.0
0.4539904997395468 ; 0.8910065241883678
---
0.0 ; 0.0
0.43837114678907746 ; 0.898794046299167
---
0.0 ; 0.0
0.42261826174069944 ; 0.9063077870366499
---
0.0 ; 0.0
0.4067366430758002 ; 0.9135454576426009
---
0.0 ; 0.0
0.3907311284892737 ; 0.9205048534524404
---
0.0 ; 0.0
0.37460659341591196 ; 0.9271838545667874
---
0.0 ; 0.0
0.3583679495453004 ; 0.9335804264972017
---
0.0 ; 0.0
0.3420201433256688 ; 0.9396926207859083
---
0.0 ; 0.0
0.32556815445715676 ; 0.9455185755993167
---
0.0 ; 0.0
0.30901699437494745 ; 0.9510565162951535
---
0.0 ; 0.0
0.29237170472273677 ; 0.9563047559630354
---
0.0 ; 0.0
0.27563735581699916 ; 0.9612616959383189
---
0.0 ; 0.0
0.25881904510252074 ; 0.9659258262890683
---
0.0 ; 0.0
0.24192189559966767 ; 0.9702957262759965
---
0.0 ; 0.0
0.22495105434386492 ; 0.9743700647852352
---
0.0 ; 0.0
0.20791169081775945 ; 0.9781476007338056
---
0.0 ; 0.0
0.19080899537654492 ; 0.981627183447664
---
0.0 ; 0.0
0.17364817766693041 ; 0.984807753012208
---
0.0 ; 0.0
0.15643446504023092 ; 0.9876883405951378
---
0.0 ; 0.0
0.13917310096006547 ; 0.9902680687415704
---
0.0 ; 0.0
0.12186934340514749 ; 0.992546151641322
---
0.0 ; 0.0
0.10452846326765346 ; 0.9945218953682733
---
0.0 ; 0.0
0.08715574274765814 ; 0.9961946980917455
---
0.0 ; 0.0
0.06975647374412523 ; 0.9975640502598242
---
0.0 ; 0.0
0.052335956242943966 ; 0.9986295347545738
---
0.0 ; 0.0
0.03489949670250108 ; 0.9993908270190958
---
0.0 ; 0.0
0.0174524064372836 ; 0.9998476951563913
---
0.0 ; 0.0
6.123233995736766e-17 ; 1.0
---
0.0 ; 0.0
-0.017452406437283477 ; 0.9998476951563913
---
0.0 ; 0.0
-0.034899496702500955 ; 0.9993908270190958
---
0.0 ; 0.0
-0.05233595624294384 ; 0.9986295347545738
---
0.0 ; 0.0
-0.06975647374412533 ; 0.9975640502598242
---
0.0 ; 0.0
-0.08715574274765824 ; 0.9961946980917455
---
0.0 ; 0.0
-0.10452846326765355 ; 0.9945218953682733
---
0.0 ; 0.0
-0.12186934340514737 ; 0.9925461516413221
---
0.0 ; 0.0
-0.13917310096006535 ; 0.9902680687415704
---
0.0 ; 0.0
-0.1564344650402308 ; 0.9876883405951378
---
0.0 ; 0.0
-0.1736481776669303 ; 0.984807753012208
---
0.0 ; 0.0
-0.1908089953765448 ; 0.981627183447664
---
0.0 ; 0.0
-0.20791169081775934 ; 0.9781476007338057
---
0.0 ; 0.0
-0.22495105434386503 ; 0.9743700647852352
---
0.0 ; 0.0
-0.24192189559966779 ; 0.9702957262759965
---
0.0 ; 0.0
-0.25881904510252085 ; 0.9659258262890683
---
0.0 ; 0.0
-0.27563735581699905 ; 0.9612616959383189
---
0.0 ; 0.0
-0.29237170472273666 ; 0.9563047559630355
---
0.0 ; 0.0
-0.30901699437494734 ; 0.9510565162951536
---
0.0 ; 0.0
-0.32556815445715664 ; 0.9455185755993168
---
0.0 ; 0.0
-0.3420201433256687 ; 0.9396926207859084
---
0.0 ; 0.0
-0.35836794954530027 ; 0.9335804264972017
---
0.0 ; 0.0
-0.37460659341591207 ; 0.9271838545667874
---
0.0 ; 0.0
-0.39073112848927377 ; 0.9205048534524403
---
0.0 ; 0.0
-0.40673664307580026 ; 0.9135454576426009
---
0.0 ; 0.0
-0.42261826174069933 ; 0.90630778703665
---
0.0 ; 0.0
-0.4383711467890775 ; 0.8987940462991669
---
0.0 ; 0.0
-0.4539904997395467 ; 0.8910065241883679
---
0.0 ; 0.0
-0.4694715627858909 ; 0.8829475928589269
---
0.0 ; 0.0
-0.484809620246337 ; 0.8746197071393959
---
0.0 ; 0.0
-0.4999999999999998 ; 0.8660254037844387
---
0.0 ; 0.0
-0.5150380749100543 ; 0.8571673007021123
---
0.0 ; 0.0
-0.5299192642332048 ; 0.8480480961564261
---
0.0 ; 0.0
-0.5446390350150271 ; 0.8386705679454239
---
0.0 ; 0.0
-0.5591929034707467 ; 0.8290375725550417
---
0.0 ; 0.0
-0.5735764363510462 ; 0.8191520442889917
---
0.0 ; 0.0
-0.587785252292473 ; 0.8090169943749475
---
0.0 ; 0.0
-0.6018150231520484 ; 0.7986355100472927
---
0.0 ; 0.0
-0.6156614753256583 ; 0.788010753606722
---
0.0 ; 0.0
-0.6293203910498373 ; 0.777145961456971
---
0.0 ; 0.0
-0.6427876096865394 ; 0.766044443118978
---
0.0 ; 0.0
-0.6560590289905072 ; 0.7547095802227721
---
0.0 ; 0.0
-0.6691306063588582 ; 0.7431448254773942
---
0.0 ; 0.0
-0.6819983600624984 ; 0.7313537016191706
---
0.0 ; 0.0
-0.6946583704589974 ; 0.7193398003386511
---
0.0 ; 0.0
-0.7071067811865475 ; 0.7071067811865476
---
0.0 ; 0.0
-0.7193398003386512 ; 0.6946583704589971
---
0.0 ; 0.0
-0.7313537016191705 ; 0.6819983600624986
---
0.0 ; 0.0
-0.743144825477394 ; 0.6691306063588583
---
0.0 ; 0.0
-0.754709580222772 ; 0.6560590289905073
---
0.0 ; 0.0
-0.7660444431189779 ; 0.6427876096865395
---
0.0 ; 0.0
-0.7771459614569709 ; 0.6293203910498374
---
0.0 ; 0.0
-0.7880107536067219 ; 0.6156614753256584
---
0.0 ; 0.0
-0.7986355100472929 ; 0.6018150231520482
---
0.0 ; 0.0
-0.8090169943749473 ; 0.5877852522924732
---
0.0 ; 0.0
-0.8191520442889919 ; 0.5735764363510459
---
0.0 ; 0.0
-0.8290375725550416 ; 0.5591929034707469
---
0.0 ; 0.0
-0.8386705679454239 ; 0.5446390350150273
---
0.0 ; 0.0
-0.848048096156426 ; 0.5299192642332049
---
0.0 ; 0.0
-0.8571673007021122 ; 0.5150380749100544
---
0.0 ; 0.0
-0.8660254037844387 ; 0.49999999999999994
---
0.0 ; 0.0
-0.8746197071393957 ; 0.48480962024633717
---
0.0 ; 0.0
-0.882947592858927 ; 0.4694715627858907
---
0.0 ; 0.0
-0.8910065241883678 ; 0.45399049973954686
---
0.0 ; 0.0
-0.898794046299167 ; 0.4383711467890773
---
0.0 ; 0.0
-0.9063077870366499 ; 0.4226182617406995
---
0.0 ; 0.0
-0.9135454576426008 ; 0.40673664307580043
---
0.0 ; 0.0
-0.9205048534524404 ; 0.39073112848927377
---
0.0 ; 0.0
-0.9271838545667873 ; 0.37460659341591224
---
0.0 ; 0.0
-0.9335804264972017 ; 0.3583679495453002
---
0.0 ; 0.0
-0.9396926207859083 ; 0.3420201433256689
---
0.0 ; 0.0
-0.9455185755993168 ; 0.3255681544571566
---
0.0 ; 0.0
-0.9510565162951535 ; 0.3090169943749475
---
0.0 ; 0.0
-0.9563047559630355 ; 0.2923717047227366
---
0.0 ; 0.0
-0.9612616959383189 ; 0.2756373558169992
---
0.0 ; 0.0
-0.9659258262890682 ; 0.258819045102521
---
0.0 ; 0.0
-0.9702957262759965 ; 0.24192189559966773
---
0.0 ; 0.0
-0.9743700647852351 ; 0.2249510543438652
---
0.0 ; 0.0
-0.9781476007338057 ; 0.20791169081775931
---
0.0 ; 0.0
-0.981627183447664 ; 0.19080899537654497
---
0.0 ; 0.0
-0.984807753012208 ; 0.17364817766693028
---
0.0 ; 0.0
-0.9876883405951377 ; 0.15643446504023098
---
0.0 ; 0.0
-0.9902680687415704 ; 0.13917310096006533
---
0.0 ; 0.0
-0.992546151641322 ; 0.12186934340514755
---
0.0 ; 0.0
-0.9945218953682733 ; 0.10452846326765373
---
0.0 ; 0.0
-0.9961946980917455 ; 0.0871557427476582
---
0.0 ; 0.0
-0.9975640502598242 ; 0.06975647374412552
---
0.0 ; 0.0
-0.9986295347545738 ; 0.05233595624294381
---
0.0 ; 0.0
-0.9993908270190958 ; 0.03489949670250114
---
0.0 ; 0.0
-0.9998476951563913 ; 0.01745240643728344
---
0.0 ; 0.0
-1.0 ; 1.2246467991473532e-16
---
0.0 ; 0.0
-0.9998476951563913 ; -0.017452406437283637
---
0.0 ; 0.0
-0.9993908270190958 ; -0.0348994967025009
---
0.0 ; 0.0
-0.9986295347545738 ; -0.05233595624294356
---
0.0 ; 0.0
-0.9975640502598242 ; -0.06975647374412527
---
0.0 ; 0.0
-0.9961946980917455 ; -0.08715574274765794
---
0.0 ; 0.0
-0.9945218953682733 ; -0.1045284632676535
---
0.0 ; 0.0
-0.9925461516413221 ; -0.12186934340514731
---
0.0 ; 0.0
-0.9902680687415703 ; -0.13917310096006552
---
0.0 ; 0.0
-0.9876883405951378 ; -0.15643446504023073
---
0.0 ; 0.0
-0.984807753012208 ; -0.17364817766693047
---
0.0 ; 0.0
-0.981627183447664 ; -0.19080899537654472
---
0.0 ; 0.0
-0.9781476007338056 ; -0.2079116908177595
---
0.0 ; 0.0
-0.9743700647852352 ; -0.22495105434386498
---
0.0 ; 0.0
-0.9702957262759965 ; -0.2419218955996675
---
0.0 ; 0.0
-0.9659258262890683 ; -0.2588190451025208
---
0.0 ; 0.0
-0.9612616959383189 ; -0.275637355816999
---
0.0 ; 0.0
-0.9563047559630354 ; -0.29237170472273677
---
0.0 ; 0.0
-0.9510565162951536 ; -0.3090169943749473
---
0.0 ; 0.0
-0.9455185755993167 ; -0.32556815445715676
---
0.0 ; 0.0
-0.9396926207859084 ; -0.34202014332566866
---
0.0 ; 0.0
-0.9335804264972017 ; -0.35836794954530043
---
0.0 ; 0.0
-0.9271838545667874 ; -0.374606593415912
---
0.0 ; 0.0
-0.9205048534524404 ; -0.39073112848927355
---
0.0 ; 0.0
-0.9135454576426009 ; -0.4067366430758002
---
0.0 ; 0.0
-0.90630778703665 ; -0.4226182617406993
---
0.0 ; 0.0
-0.8987940462991669 ; -0.43837114678907746
---
0.0 ; 0.0
-0.8910065241883679 ; -0.4539904997395467
---
0.0 ; 0.0
-0.8829475928589269 ; -0.46947156278589086
---
0.0 ; 0.0
-0.8746197071393959 ; -0.48480962024633695
---
0.0 ; 0.0
-0.8660254037844386 ; -0.5000000000000001
---
0.0 ; 0.0
-0.8571673007021123 ; -0.5150380749100542
---
0.0 ; 0.0
-0.8480480961564261 ; -0.5299192642332048
---
0.0 ; 0.0
-0.838670567945424 ; -0.5446390350150271
---
0.0 ; 0.0
-0.8290375725550418 ; -0.5591929034707467
---
0.0 ; 0.0
-0.8191520442889918 ; -0.5735764363510462
---
0.0 ; 0.0
-0.8090169943749476 ; -0.587785252292473
---
0.0 ; 0.0
-0.7986355100472928 ; -0.6018150231520484
---
0.0 ; 0.0
-0.788010753606722 ; -0.6156614753256582
---
0.0 ; 0.0
-0.7771459614569708 ; -0.6293203910498376
---
0.0 ; 0.0
-0.766044443118978 ; -0.6427876096865393
---
0.0 ; 0.0
-0.7547095802227721 ; -0.656059028990507
---
0.0 ; 0.0
-0.7431448254773942 ; -0.6691306063588582
---
0.0 ; 0.0
-0.7313537016191706 ; -0.6819983600624984
---
0.0 ; 0.0
-0.7193398003386511 ; -0.6946583704589974
---
0.0 ; 0.0
-0.7071067811865477 ; -0.7071067811865475
---
0.0 ; 0.0
-0.6946583704589973 ; -0.7193398003386512
---
0.0 ; 0.0
-0.6819983600624986 ; -0.7313537016191705
---
0.0 ; 0.0
-0.6691306063588581 ; -0.7431448254773944
---
0.0 ; 0.0
-0.6560590289905073 ; -0.754709580222772
---
0.0 ; 0.0
-0.6427876096865395 ; -0.7660444431189779
---
0.0 ; 0.0
-0.6293203910498378 ; -0.7771459614569706
---
0.0 ; 0.0
-0.6156614753256581 ; -0.7880107536067221
---
0.0 ; 0.0
-0.6018150231520483 ; -0.7986355100472928
---
0.0 ; 0.0
-0.5877852522924732 ; -0.8090169943749473
---
0.0 ; 0.0
-0.5735764363510464 ; -0.8191520442889916
---
0.0 ; 0.0
-0.5591929034707466 ; -0.8290375725550418
---
0.0 ; 0.0
-0.544639035015027 ; -0.838670567945424
---
0.0 ; 0.0
-0.529919264233205 ; -0.848048096156426
---
0.0 ; 0.0
-0.5150380749100545 ; -0.8571673007021121
---
0.0 ; 0.0
-0.5000000000000004 ; -0.8660254037844384
---
0.0 ; 0.0
-0.48480962024633684 ; -0.874619707139396
---
0.0 ; 0.0
-0.46947156278589075 ; -0.882947592858927
---
0.0 ; 0.0
-0.4539904997395469 ; -0.8910065241883678
---
0.0 ; 0.0
-0.43837114678907774 ; -0.8987940462991668
---
0.0 ; 0.0
-0.42261826174069916 ; -0.90630778703665
---
0.0 ; 0.0
-0.4067366430758001 ; -0.913545457642601
---
0.0 ; 0.0
-0.3907311284892738 ; -0.9205048534524403
---
0.0 ; 0.0
-0.3746065934159123 ; -0.9271838545667873
---
0.0 ; 0.0
-0.3583679495453007 ; -0.9335804264972016
---
0.0 ; 0.0
-0.34202014332566855 ; -0.9396926207859084
---
0.0 ; 0.0
-0.32556815445715664 ; -0.9455185755993168
---
0.0 ; 0.0
-0.30901699437494756 ; -0.9510565162951535
---
0.0 ; 0.0
-0.2923717047227371 ; -0.9563047559630353
---
0.0 ; 0.0
-0.2756373558169989 ; -0.961261695938319
---
0.0 ; 0.0
-0.25881904510252063 ; -0.9659258262890683
---
0.0 ; 0.0
-0.24192189559966779 ; -0.9702957262759965
---
0.0 ; 0.0
-0.22495105434386525 ; -0.9743700647852351
---
0.0 ; 0.0
-0.2079116908177598 ; -0.9781476007338056
---
0.0 ; 0.0
-0.1908089953765446 ; -0.981627183447664
---
0.0 ; 0.0
-0.17364817766693033 ; -0.984807753012208
---
0.0 ; 0.0
-0.15643446504023104 ; -0.9876883405951377
---
0.0 ; 0.0
-0.13917310096006583 ; -0.9902680687415703
---
0.0 ; 0.0
-0.12186934340514717 ; -0.9925461516413221
---
0.0 ; 0.0
-0.10452846326765336 ; -0.9945218953682734
---
0.0 ; 0.0
-0.08715574274765825 ; -0.9961946980917455
---
0.0 ; 0.0
-0.06975647374412558 ; -0.9975640502598242
---
0.0 ; 0.0
-0.052335956242944306 ; -0.9986295347545738
---
0.0 ; 0.0
-0.03489949670250076 ; -0.9993908270190958
---
0.0 ; 0.0
-0.017452406437283498 ; -0.9998476951563913
---
0.0 ; 0.0
-1.8369701987210297e-16 ; -1.0
---
0.0 ; 0.0
0.01745240643728313 ; -0.9998476951563913
---
0.0 ; 0.0
0.03489949670250128 ; -0.9993908270190958
---
0.0 ; 0.0
0.052335956242943946 ; -0.9986295347545738
---
0.0 ; 0.0
0.06975647374412522 ; -0.9975640502598243
---
0.0 ; 0.0
0.08715574274765789 ; -0.9961946980917455
---
0.0 ; 0.0
0.10452846326765299 ; -0.9945218953682734
---
0.0 ; 0.0
0.12186934340514768 ; -0.992546151641322
---
0.0 ; 0.0
0.13917310096006547 ; -0.9902680687415704
---
0.0 ; 0.0
0.15643446504023067 ; -0.9876883405951378
---
0.0 ; 0.0
0.17364817766692997 ; -0.9848077530122081
---
0.0 ; 0.0
0.1908089953765451 ; -0.9816271834476639
---
0.0 ; 0.0
0.20791169081775943 ; -0.9781476007338056
---
0.0 ; 0.0
0.22495105434386492 ; -0.9743700647852352
---
0.0 ; 0.0
0.24192189559966745 ; -0.9702957262759966
---
0.0 ; 0.0
0.2588190451025203 ; -0.9659258262890684
---
0.0 ; 0.0
0.2756373558169994 ; -0.9612616959383188
---
0.0 ; 0.0
0.2923717047227367 ; -0.9563047559630354
---
0.0 ; 0.0
0.30901699437494723 ; -0.9510565162951536
---
0.0 ; 0.0
0.3255681544571563 ; -0.945518575599317
---
0.0 ; 0.0
0.342020143325669 ; -0.9396926207859083
---
0.0 ; 0.0
0.3583679495453004 ; -0.9335804264972017
---
0.0 ; 0.0
0.37460659341591196 ; -0.9271838545667874
---
0.0 ; 0.0
0.3907311284892735 ; -0.9205048534524405
---
0.0 ; 0.0
0.40673664307579976 ; -0.9135454576426011
---
0.0 ; 0.0
0.4226182617406996 ; -0.9063077870366499
---
0.0 ; 0.0
0.4383711467890774 ; -0.898794046299167
---
0.0 ; 0.0
0.45399049973954664 ; -0.8910065241883679
---
0.0 ; 0.0
0.4694715627858904 ; -0.8829475928589271
---
0.0 ; 0.0
0.4848096202463373 ; -0.8746197071393956
---
0.0 ; 0.0
0.5000000000000001 ; -0.8660254037844386
---
0.0 ; 0.0
0.5150380749100542 ; -0.8571673007021123
---
0.0 ; 0.0
0.5299192642332047 ; -0.8480480961564262
---
0.0 ; 0.0
0.5446390350150266 ; -0.8386705679454243
---
0.0 ; 0.0
0.559192903470747 ; -0.8290375725550416
---
0.0 ; 0.0
0.573576436351046 ; -0.8191520442889918
---
0.0 ; 0.0
0.5877852522924729 ; -0.8090169943749476
---
0.0 ; 0.0
0.6018150231520479 ; -0.798635510047293
---
0.0 ; 0.0
0.6156614753256585 ; -0.7880107536067218
---
0.0 ; 0.0
0.6293203910498375 ; -0.7771459614569708
---
0.0 ; 0.0
0.6427876096865393 ; -0.7660444431189781
---
0.0 ; 0.0
0.656059028990507 ; -0.7547095802227722
---
0.0 ; 0.0
0.6691306063588578 ; -0.7431448254773946
---
0.0 ; 0.0
0.6819983600624986 ; -0.7313537016191703
---
0.0 ; 0.0
0.6946583704589973 ; -0.7193398003386512
---
0.0 ; 0.0
0.7071067811865474 ; -0.7071067811865477
---
0.0 ; 0.0
0.7193398003386509 ; -0.6946583704589976
---
0.0 ; 0.0
0.7313537016191707 ; -0.6819983600624983
---
0.0 ; 0.0
0.7431448254773942 ; -0.6691306063588581
---
0.0 ; 0.0
0.7547095802227719 ; -0.6560590289905074
---
0.0 ; 0.0
0.7660444431189778 ; -0.6427876096865396
---
0.0 ; 0.0
0.7771459614569706 ; -0.6293203910498378
---
0.0 ; 0.0
0.788010753606722 ; -0.6156614753256582
---
0.0 ; 0.0
0.7986355100472928 ; -0.6018150231520483
---
0.0 ; 0.0
0.8090169943749473 ; -0.5877852522924734
---
0.0 ; 0.0
0.8191520442889916 ; -0.5735764363510465
---
0.0 ; 0.0
0.8290375725550418 ; -0.5591929034707466
---
0.0 ; 0.0
0.838670567945424 ; -0.544639035015027
---
0.0 ; 0.0
0.848048096156426 ; -0.529919264233205
---
0.0 ; 0.0
0.8571673007021121 ; -0.5150380749100545
---
0.0 ; 0.0
0.8660254037844384 ; -0.5000000000000004
---
0.0 ; 0.0
0.8746197071393959 ; -0.4848096202463369
---
0.0 ; 0.0
0.8829475928589269 ; -0.4694715627858908
---
0.0 ; 0.0
0.8910065241883678 ; -0.45399049973954697
---
0.0 ; 0.0
0.8987940462991668 ; -0.4383711467890778
---
0.0 ; 0.0
0.90630778703665 ; -0.4226182617406992
---
0.0 ; 0.0
0.913545457642601 ; -0.40673664307580015
---
0.0 ; 0.0
0.9205048534524403 ; -0.3907311284892739
---
0.0 ; 0.0
0.9271838545667873 ; -0.37460659341591235
---
0.0 ; 0.0
0.9335804264972015 ; -0.35836794954530077
---
0.0 ; 0.0
0.9396926207859084 ; -0.3420201433256686
---
0.0 ; 0.0
0.9455185755993168 ; -0.3255681544571567
---
0.0 ; 0.0
0.9510565162951535 ; -0.3090169943749476
---
0.0 ; 0.0
0.9563047559630353 ; -0.29237170472273716
---
0.0 ; 0.0
0.9612616959383189 ; -0.27563735581699894
---
0.0 ; 0.0
0.9659258262890683 ; -0.2588190451025207
---
0.0 ; 0.0
0.9702957262759965 ; -0.24192189559966787
---
0.0 ; 0.0
0.9743700647852351 ; -0.22495105434386534
---
0.0 ; 0.0
0.9781476007338056 ; -0.20791169081775987
---
0.0 ; 0.0
0.981627183447664 ; -0.19080899537654467
---
0.0 ; 0.0
0.984807753012208 ; -0.1736481776669304
---
0.0 ; 0.0
0.9876883405951377 ; -0.15643446504023112
---
0.0 ; 0.0
0.9902680687415703 ; -0.13917310096006588
---
0.0 ; 0.0
0.9925461516413221 ; -0.12186934340514723
---
0.0 ; 0.0
0.9945218953682733 ; -0.10452846326765342
---
0.0 ; 0.0
0.9961946980917455 ; -0.08715574274765832
---
0.0 ; 0.0
0.9975640502598242 ; -0.06975647374412564
---
0.0 ; 0.0
0.9986295347545738 ; -0.05233595624294437
---
0.0 ; 0.0
0.9993908270190958 ; -0.034899496702500823
---
0.0 ; 0.0
0.9998476951563913 ; -0.01745240643728356
---
0.0 ; 0.0
1.0 ; -2.4492935982947064e-16
---
